# Corr-stability hyperparam search (best_trend)

Agg CSV: `reports/trend_based/corr_search/corr_search_results_agg.csv`

Grid spec: `reports/trend_based/corr_search/corr_search_grid.json`

## Top by mean Sharpe (across all 3 periods)

| config_id | mean_sharpe | worst_max_drawdown | sum_pnl_usd | sharpe_2023_2025 | sharpe_2026 | corr_logic | corr_window_xag | corr_min_abs_xag | corr_flip_lookback_xag | corr_max_flips_xag | corr_window_eur | corr_min_abs_eur | corr_flip_lookback_eur | corr_max_flips_eur |
| --- | --- | --- | --- | --- | --- | --- | --- | --- | --- | --- | --- | --- | --- | --- |
| 43b0c92d978b | 3.6920 | -0.1714 | 4316.3335 | 2.5987 | 8.2732 | or | 100 | 0.1500 | 50 | 6 | 30 | 0.2000 | 75 | 6 |
| c4de44ccedb0 | 3.5819 | -0.1431 | 3217.8465 | 2.6252 | 7.9521 | or | 50 | 0.2000 | 150 | 4 | 40 | 0.4000 | 75 | 0 |
| 6a477f1f248b | 3.5320 | -0.2099 | 4634.4420 | 2.6423 | 7.5719 | or | 40 | 0.1000 | 50 | 0 | 75 | 0.1000 | 75 | 5 |
| 70040da30a43 | 3.4939 | -0.1866 | 3975.8120 | 2.6490 | 7.8366 | or | 40 | 0.1000 | 75 | 3 | 50 | 0.2000 | 100 | 2 |
| 1e6ed404a9a5 | 3.4887 | -0.1551 | 3293.8800 | 2.4088 | 8.0467 | or | 100 | 0.1500 | 150 | 2 | 40 | 0.3500 | 75 | 6 |
| ac1e63e75735 | 3.3836 | -0.2099 | 4019.9410 | 2.5648 | 7.4918 | or | 40 | 0.1000 | 150 | 3 | 100 | 0.2000 | 25 | 0 |
| 4efa994e7a96 | 3.1982 | -0.2099 | 4084.7350 | 2.6572 | 6.8400 | or | 50 | 0.2500 | 100 | 1 | 75 | 0.2000 | 50 | 4 |
| 962e6b1e9fe2 | 2.8243 | -0.2087 | 4097.9440 | 2.5665 | 5.5758 | and | 30 | 0.2000 | 50 | 0 | 100 | 0.1000 | 75 | 5 |
| a36df18da677 | 2.4997 | -0.1787 | 2206.4980 | 2.0250 | 5.6671 | and | 50 | 0.2000 | 75 | 6 | 40 | 0.2500 | 150 | 2 |
| 231765b8f139 | 2.3759 | -0.2082 | 3068.4640 | 2.4717 | 4.8672 | and | 50 | 0.3000 | 50 | 2 | 50 | 0.2000 | 25 | 3 |
| 09363361276c | 2.0645 | -0.1852 | 1369.4580 | 1.1369 | 4.9367 | and | 40 | 0.3500 | 150 | 6 | 50 | 0.3000 | 50 | 2 |
| 7414e954e9b0 | 1.9945 | -0.2004 | 2119.1230 | 1.9841 | 4.1828 | and | 60 | 0.1000 | 150 | 4 | 75 | 0.2500 | 75 | 3 |
| 42f3774ebc2f | 1.9449 | -0.1935 | 1478.3960 | 1.5298 | 4.3745 | and | 75 | 0.2000 | 25 | 4 | 40 | 0.3000 | 75 | 1 |
| 9abb777ba267 | 1.7358 | -0.1778 | 1269.6550 | 1.6446 | 3.7116 | and | 100 | 0.3000 | 150 | 5 | 40 | 0.4000 | 100 | 5 |
| 51d6357f98da | 1.6628 | -0.1833 | 1294.7970 | 1.5201 | 3.5000 | and | 50 | 0.3500 | 150 | 0 | 30 | 0.3000 | 100 | 2 |

## Top by worst MaxDD (least-negative drawdown across periods)

| config_id | mean_sharpe | worst_max_drawdown | sum_pnl_usd | sharpe_2023_2025 | sharpe_2026 | corr_logic | corr_window_xag | corr_min_abs_xag | corr_flip_lookback_xag | corr_max_flips_xag | corr_window_eur | corr_min_abs_eur | corr_flip_lookback_eur | corr_max_flips_eur |
| --- | --- | --- | --- | --- | --- | --- | --- | --- | --- | --- | --- | --- | --- | --- |
| c4de44ccedb0 | 3.5819 | -0.1431 | 3217.8465 | 2.6252 | 7.9521 | or | 50 | 0.2000 | 150 | 4 | 40 | 0.4000 | 75 | 0 |
| 1e6ed404a9a5 | 3.4887 | -0.1551 | 3293.8800 | 2.4088 | 8.0467 | or | 100 | 0.1500 | 150 | 2 | 40 | 0.3500 | 75 | 6 |
| 43b0c92d978b | 3.6920 | -0.1714 | 4316.3335 | 2.5987 | 8.2732 | or | 100 | 0.1500 | 50 | 6 | 30 | 0.2000 | 75 | 6 |
| 9abb777ba267 | 1.7358 | -0.1778 | 1269.6550 | 1.6446 | 3.7116 | and | 100 | 0.3000 | 150 | 5 | 40 | 0.4000 | 100 | 5 |
| a36df18da677 | 2.4997 | -0.1787 | 2206.4980 | 2.0250 | 5.6671 | and | 50 | 0.2000 | 75 | 6 | 40 | 0.2500 | 150 | 2 |
| 51d6357f98da | 1.6628 | -0.1833 | 1294.7970 | 1.5201 | 3.5000 | and | 50 | 0.3500 | 150 | 0 | 30 | 0.3000 | 100 | 2 |
| 09363361276c | 2.0645 | -0.1852 | 1369.4580 | 1.1369 | 4.9367 | and | 40 | 0.3500 | 150 | 6 | 50 | 0.3000 | 50 | 2 |
| 70040da30a43 | 3.4939 | -0.1866 | 3975.8120 | 2.6490 | 7.8366 | or | 40 | 0.1000 | 75 | 3 | 50 | 0.2000 | 100 | 2 |
| 42f3774ebc2f | 1.9449 | -0.1935 | 1478.3960 | 1.5298 | 4.3745 | and | 75 | 0.2000 | 25 | 4 | 40 | 0.3000 | 75 | 1 |
| 7414e954e9b0 | 1.9945 | -0.2004 | 2119.1230 | 1.9841 | 4.1828 | and | 60 | 0.1000 | 150 | 4 | 75 | 0.2500 | 75 | 3 |
| 231765b8f139 | 2.3759 | -0.2082 | 3068.4640 | 2.4717 | 4.8672 | and | 50 | 0.3000 | 50 | 2 | 50 | 0.2000 | 25 | 3 |
| 962e6b1e9fe2 | 2.8243 | -0.2087 | 4097.9440 | 2.5665 | 5.5758 | and | 30 | 0.2000 | 50 | 0 | 100 | 0.1000 | 75 | 5 |
| 6a477f1f248b | 3.5320 | -0.2099 | 4634.4420 | 2.6423 | 7.5719 | or | 40 | 0.1000 | 50 | 0 | 75 | 0.1000 | 75 | 5 |
| ac1e63e75735 | 3.3836 | -0.2099 | 4019.9410 | 2.5648 | 7.4918 | or | 40 | 0.1000 | 150 | 3 | 100 | 0.2000 | 25 | 0 |
| 4efa994e7a96 | 3.1982 | -0.2099 | 4084.7350 | 2.6572 | 6.8400 | or | 50 | 0.2500 | 100 | 1 | 75 | 0.2000 | 50 | 4 |

## Top by Sharpe (2023-2025)

| config_id | mean_sharpe | worst_max_drawdown | sum_pnl_usd | sharpe_2023_2025 | sharpe_2026 | corr_logic | corr_window_xag | corr_min_abs_xag | corr_flip_lookback_xag | corr_max_flips_xag | corr_window_eur | corr_min_abs_eur | corr_flip_lookback_eur | corr_max_flips_eur |
| --- | --- | --- | --- | --- | --- | --- | --- | --- | --- | --- | --- | --- | --- | --- |
| 4efa994e7a96 | 3.1982 | -0.2099 | 4084.7350 | 2.6572 | 6.8400 | or | 50 | 0.2500 | 100 | 1 | 75 | 0.2000 | 50 | 4 |
| 70040da30a43 | 3.4939 | -0.1866 | 3975.8120 | 2.6490 | 7.8366 | or | 40 | 0.1000 | 75 | 3 | 50 | 0.2000 | 100 | 2 |
| 6a477f1f248b | 3.5320 | -0.2099 | 4634.4420 | 2.6423 | 7.5719 | or | 40 | 0.1000 | 50 | 0 | 75 | 0.1000 | 75 | 5 |
| c4de44ccedb0 | 3.5819 | -0.1431 | 3217.8465 | 2.6252 | 7.9521 | or | 50 | 0.2000 | 150 | 4 | 40 | 0.4000 | 75 | 0 |
| 43b0c92d978b | 3.6920 | -0.1714 | 4316.3335 | 2.5987 | 8.2732 | or | 100 | 0.1500 | 50 | 6 | 30 | 0.2000 | 75 | 6 |
| 962e6b1e9fe2 | 2.8243 | -0.2087 | 4097.9440 | 2.5665 | 5.5758 | and | 30 | 0.2000 | 50 | 0 | 100 | 0.1000 | 75 | 5 |
| ac1e63e75735 | 3.3836 | -0.2099 | 4019.9410 | 2.5648 | 7.4918 | or | 40 | 0.1000 | 150 | 3 | 100 | 0.2000 | 25 | 0 |
| 231765b8f139 | 2.3759 | -0.2082 | 3068.4640 | 2.4717 | 4.8672 | and | 50 | 0.3000 | 50 | 2 | 50 | 0.2000 | 25 | 3 |
| 1e6ed404a9a5 | 3.4887 | -0.1551 | 3293.8800 | 2.4088 | 8.0467 | or | 100 | 0.1500 | 150 | 2 | 40 | 0.3500 | 75 | 6 |
| 706f5f5fa1e5 | 1.6527 | -0.2763 | 1550.8700 | 2.0740 | 3.4223 | and | 60 | 0.2000 | 25 | 0 | 50 | 0.2500 | 150 | 0 |
| a36df18da677 | 2.4997 | -0.1787 | 2206.4980 | 2.0250 | 5.6671 | and | 50 | 0.2000 | 75 | 6 | 40 | 0.2500 | 150 | 2 |
| 7414e954e9b0 | 1.9945 | -0.2004 | 2119.1230 | 1.9841 | 4.1828 | and | 60 | 0.1000 | 150 | 4 | 75 | 0.2500 | 75 | 3 |
| 9abb777ba267 | 1.7358 | -0.1778 | 1269.6550 | 1.6446 | 3.7116 | and | 100 | 0.3000 | 150 | 5 | 40 | 0.4000 | 100 | 5 |
| 42f3774ebc2f | 1.9449 | -0.1935 | 1478.3960 | 1.5298 | 4.3745 | and | 75 | 0.2000 | 25 | 4 | 40 | 0.3000 | 75 | 1 |
| 51d6357f98da | 1.6628 | -0.1833 | 1294.7970 | 1.5201 | 3.5000 | and | 50 | 0.3500 | 150 | 0 | 30 | 0.3000 | 100 | 2 |

## Top by Sharpe (2026-01-01..2026-02-13)

| config_id | mean_sharpe | worst_max_drawdown | sum_pnl_usd | sharpe_2023_2025 | sharpe_2026 | corr_logic | corr_window_xag | corr_min_abs_xag | corr_flip_lookback_xag | corr_max_flips_xag | corr_window_eur | corr_min_abs_eur | corr_flip_lookback_eur | corr_max_flips_eur |
| --- | --- | --- | --- | --- | --- | --- | --- | --- | --- | --- | --- | --- | --- | --- |
| 43b0c92d978b | 3.6920 | -0.1714 | 4316.3335 | 2.5987 | 8.2732 | or | 100 | 0.1500 | 50 | 6 | 30 | 0.2000 | 75 | 6 |
| 1e6ed404a9a5 | 3.4887 | -0.1551 | 3293.8800 | 2.4088 | 8.0467 | or | 100 | 0.1500 | 150 | 2 | 40 | 0.3500 | 75 | 6 |
| c4de44ccedb0 | 3.5819 | -0.1431 | 3217.8465 | 2.6252 | 7.9521 | or | 50 | 0.2000 | 150 | 4 | 40 | 0.4000 | 75 | 0 |
| 70040da30a43 | 3.4939 | -0.1866 | 3975.8120 | 2.6490 | 7.8366 | or | 40 | 0.1000 | 75 | 3 | 50 | 0.2000 | 100 | 2 |
| 6a477f1f248b | 3.5320 | -0.2099 | 4634.4420 | 2.6423 | 7.5719 | or | 40 | 0.1000 | 50 | 0 | 75 | 0.1000 | 75 | 5 |
| ac1e63e75735 | 3.3836 | -0.2099 | 4019.9410 | 2.5648 | 7.4918 | or | 40 | 0.1000 | 150 | 3 | 100 | 0.2000 | 25 | 0 |
| 4efa994e7a96 | 3.1982 | -0.2099 | 4084.7350 | 2.6572 | 6.8400 | or | 50 | 0.2500 | 100 | 1 | 75 | 0.2000 | 50 | 4 |
| a36df18da677 | 2.4997 | -0.1787 | 2206.4980 | 2.0250 | 5.6671 | and | 50 | 0.2000 | 75 | 6 | 40 | 0.2500 | 150 | 2 |
| 962e6b1e9fe2 | 2.8243 | -0.2087 | 4097.9440 | 2.5665 | 5.5758 | and | 30 | 0.2000 | 50 | 0 | 100 | 0.1000 | 75 | 5 |
| 09363361276c | 2.0645 | -0.1852 | 1369.4580 | 1.1369 | 4.9367 | and | 40 | 0.3500 | 150 | 6 | 50 | 0.3000 | 50 | 2 |
| 231765b8f139 | 2.3759 | -0.2082 | 3068.4640 | 2.4717 | 4.8672 | and | 50 | 0.3000 | 50 | 2 | 50 | 0.2000 | 25 | 3 |
| 42f3774ebc2f | 1.9449 | -0.1935 | 1478.3960 | 1.5298 | 4.3745 | and | 75 | 0.2000 | 25 | 4 | 40 | 0.3000 | 75 | 1 |
| 7414e954e9b0 | 1.9945 | -0.2004 | 2119.1230 | 1.9841 | 4.1828 | and | 60 | 0.1000 | 150 | 4 | 75 | 0.2500 | 75 | 3 |
| 9abb777ba267 | 1.7358 | -0.1778 | 1269.6550 | 1.6446 | 3.7116 | and | 100 | 0.3000 | 150 | 5 | 40 | 0.4000 | 100 | 5 |
| 51d6357f98da | 1.6628 | -0.1833 | 1294.7970 | 1.5201 | 3.5000 | and | 50 | 0.3500 | 150 | 0 | 30 | 0.3000 | 100 | 2 |
